2020-02-29,0,,0,,0,,0,,0,,0,,0,0,0,0,0,0,0,0,0,0,0,	

2020-03-01,0,,0,,0,,0,,0,,0,,0,0,0,0,0,0,0,0,0,0,0,	

2020-03-02,0,,0,,0,,0,,0,,0,,0,0,0,0,0,0,0,0,0,0,0,	

2020-03-03,0,,0,,0,,0,,0,,0,,0,0,0,0,0,0,0,0,0,0,0,	

2020-03-04,0,,0,,0,,0,,0,,0,,0,0,0,0,0,0,0,0,0,0,0,	

2020-03-05,0,,0,,0,,0,,0,,0,,0,0,0,0,0,0,0,0,0,0,0,	

2020-03-06,0,,0,,0,,0,,0,,0,,0,0,0,0,0,0,0,0,0,0,0,	

2020-03-07,0,,0,,0,,0,,0,,0,,0,0,0,0,0,0,0,0,0,0,0,	

2020-03-08,0,,0,,0,,0,,0,,0,,0,0,0,0,0,0,0,0,0,0,0,	

2020-03-09,0,,0,,0,,0,,0,,0,,0,0,0,0,0,0,0,0,0,0,0,	

2020-03-10,0,,0,,0,,0,,0,,0,,0,0,0,0,0,0,0,0,0,0,0,	

2020-03-11,0,,0,,2,0,0,,0,,0,,2,0,0,0,0,0,0,0,0,19.05,19.05,	

2020-03-12,2,1,0,,2,0,0,,0,,0,,2,0,0,0,0,0,0,0,0,33.33,33.33,	

2020-03-13,2,1,0,,2,0,2,1,0,,2,0,3,0,0,0,0,1,1,0,0,61.9,61.9,	

2020-03-14,2,1,0,,2,0,2,1,0,,2,0,3,0,0,0,0,1,1,0,0,61.9,61.9,	

2020-03-15,2,1,2,0,2,0,2,1,1,1,2,0,3,0,0,0,0,1,1,0,0,85.71,85.71,	

2020-03-16,2,1,2,0,2,0,2,1,1,1,2,0,3,0,0,0,0,1,1,0,0,85.71,85.71,	

2020-03-17,2,1,2,0,2,0,2,1,1,1,2,0,3,0,0,0,0,1,1,0,0,85.71,85.71,	

2020-03-18,2,1,2,0,2,0,2,1,1,1,2,0,3,0,0,0,0,1,1,0,0,85.71,85.71,	

2020-03-19,2,1,2,0,2,0,2,1,1,1,2,0,3,0,0,0,0,1,1,0,0,85.71,85.71,	

2020-03-20,2,1,2,0,2,0,2,1,1,1,2,0,3,0,0,0,0,1,1,0,0,85.71,85.71,	

2020-03-21,2,1,2,0,2,0,2,1,1,1,2,0,3,0,0,0,0,1,1,0,0,85.71,85.71,	

2020-03-22,2,1,2,0,2,0,2,1,1,1,2,0,3,0,0,0,0,1,1,0,0,85.71,85.71,	

2020-03-23,2,1,2,0,2,1,2,1,1,1,2,0,3,0,0,0,0,1,1,0,0,90.48,90.48,	

2020-03-24,2,1,2,0,2,1,2,1,1,1,2,0,3,0,0,0,0,1,1,0,0,90.48,90.48,	

2020-03-25,2,1,2,0,2,1,2,1,1,1,2,0,3,0,0,0,0,1,1,0,0,90.48,90.48,	

2020-03-26,2,1,2,0,2,1,2,1,1,1,2,0,3,0,0,0,0,1,1,71,1,90.48,90.48,	

2020-03-27,2,1,2,0,2,1,2,1,1,1,2,0,3,0,0,0,0,1,1,86,1,90.48,90.48,	

2020-03-28,2,1,2,0,2,1,2,1,1,1,2,0,3,0,0,0,0,1,1,91,1,90.48,90.48,	

2020-03-29,2,1,2,0,2,1,2,1,1,1,2,0,3,0,0,0,0,1,1,94,1,90.48,90.48,	

2020-03-30,2,1,2,0,2,1,2,1,1,1,2,0,3,198774000,0,0,0,1,1,94,1,90.48,90.48,	

2020-03-31,2,1,2,0,2,1,2,1,1,1,2,0,3,0,0,0,0,1,1,112,1,90.48,90.48,	

2020-04-01,2,1,2,0,2,1,2,1,1,1,2,0,3,0,0,0,0,1,1,125,1,90.48,90.48,	

2020-04-02,2,1,2,0,2,1,2,1,1,1,2,0,3,0,0,0,0,1,1,125,1,90.48,90.48,	

2020-04-03,2,1,2,0,2,1,2,1,1,1,2,0,3,0,0,0,0,1,1,126,1,90.48,90.48,	

2020-04-04,2,1,2,0,2,1,2,1,1,1,2,0,3,0,0,0,0,1,1,135,1,90.48,90.48,	

2020-04-05,2,1,2,0,2,1,2,1,1,1,2,0,3,0,0,0,0,1,1,145,1,90.48,90.48,	

2020-04-06,2,1,2,0,2,1,2,1,1,1,2,0,3,0,0,0,0,1,1,145,1,90.48,90.48,	

2020-04-07,2,1,2,0,2,1,2,1,1,1,2,0,3,0,0,0,0,1,1,170,4,90.48,90.48,	

2020-04-08,2,1,2,0,2,1,2,1,1,1,2,0,3,0,0,0,0,1,1,184,5,90.48,90.48,	

2020-04-09,2,1,2,0,2,1,2,1,1,1,2,0,3,0,0,0,0,1,1,184,5,90.48,90.48,	

2020-04-10,2,1,2,0,2,1,2,1,1,1,2,0,3,0,0,0,0,1,1,250,7,90.48,90.48,	

2020-04-11,2,1,2,0,2,1,2,1,1,1,2,0,3,0,0,0,0,1,1,283,7,90.48,90.48,	

2020-02-29,0,,0,,0,,0,,0,,0,,0,0,0,0,0,0,0,0,0,0,0,	
2020-03-01,0,,0,,0,,0,,0,,0,,0,0,0,0,0,0,0,0,0,0,0,	
2020-03-02,0,,0,,0,,0,,0,,0,,0,0,0,0,0,0,0,0,0,0,0,	
2020-03-03,0,,0,,0,,0,,0,,0,,0,0,0,0,0,0,0,0,0,0,0,	
2020-03-04,0,,0,,0,,0,,0,,0,,0,0,0,0,0,0,0,0,0,0,0,	
2020-03-05,0,,0,,0,,0,,0,,0,,0,0,0,0,0,0,0,0,0,0,0,	
2020-03-06,0,,0,,0,,0,,0,,0,,0,0,0,0,0,0,0,0,0,0,0,	
2020-03-07,0,,0,,0,,0,,0,,0,,0,0,0,0,0,0,0,0,0,0,0,	
2020-03-08,0,,0,,0,,0,,0,,0,,0,0,0,0,0,0,0,0,0,0,0,	
2020-03-09,0,,0,,0,,0,,0,,0,,0,0,0,0,0,0,0,0,0,0,0,	
2020-03-10,0,,0,,0,,0,,0,,0,,0,0,0,0,0,0,0,0,0,0,0,	
2020-03-11,0,,0,,2,0,0,,0,,0,,2,0,0,0,0,0,0,0,0,19.05,19.05,	
2020-03-12,2,1,0,,2,0,0,,0,,0,,2,0,0,0,0,0,0,0,0,33.33,33.33,	
2020-03-13,2,1,0,,2,0,2,1,0,,2,0,3,0,0,0,0,1,1,0,0,61.9,61.9,	
2020-03-14,2,1,0,,2,0,2,1,0,,2,0,3,0,0,0,0,1,1,0,0,61.9,61.9,	
2020-03-15,2,1,2,0,2,0,2,1,1,1,2,0,3,0,0,0,0,1,1,0,0,85.71,85.71,	
2020-03-16,2,1,2,0,2,0,2,1,1,1,2,0,3,0,0,0,0,1,1,0,0,85.71,85.71,	
2020-03-17,2,1,2,0,2,0,2,1,1,1,2,0,3,0,0,0,0,1,1,0,0,85.71,85.71,	
2020-03-18,2,1,2,0,2,0,2,1,1,1,2,0,3,0,0,0,0,1,1,0,0,85.71,85.71,	
2020-03-19,2,1,2,0,2,0,2,1,1,1,2,0,3,0,0,0,0,1,1,0,0,85.71,85.71,	
2020-03-20,2,1,2,0,2,0,2,1,1,1,2,0,3,0,0,0,0,1,1,0,0,85.71,85.71,	
2020-03-21,2,1,2,0,2,0,2,1,1,1,2,0,3,0,0,0,0,1,1,0,0,85.71,85.71,	
2020-03-22,2,1,2,0,2,0,2,1,1,1,2,0,3,0,0,0,0,1,1,0,0,85.71,85.71,	
2020-03-23,2,1,2,0,2,1,2,1,1,1,2,0,3,0,0,0,0,1,1,0,0,90.48,90.48,	
2020-03-24,2,1,2,0,2,1,2,1,1,1,2,0,3,0,0,0,0,1,1,0,0,90.48,90.48,	
2020-03-25,2,1,2,0,2,1,2,1,1,1,2,0,3,0,0,0,0,1,1,0,0,90.48,90.48,	
2020-03-26,2,1,2,0,2,1,2,1,1,1,2,0,3,0,0,0,0,1,1,71,1,90.48,90.48,	
2020-03-27,2,1,2,0,2,1,2,1,1,1,2,0,3,0,0,0,0,1,1,86,1,90.48,90.48,	
2020-03-28,2,1,2,0,2,1,2,1,1,1,2,0,3,0,0,0,0,1,1,91,1,90.48,90.48,	
2020-03-29,2,1,2,0,2,1,2,1,1,1,2,0,3,0,0,0,0,1,1,94,1,90.48,90.48,	
2020-03-30,2,1,2,0,2,1,2,1,1,1,2,0,3,198774000,0,0,0,1,1,94,1,90.48,90.48,	
2020-03-31,2,1,2,0,2,1,2,1,1,1,2,0,3,0,0,0,0,1,1,112,1,90.48,90.48,	
2020-04-01,2,1,2,0,2,1,2,1,1,1,2,0,3,0,0,0,0,1,1,125,1,90.48,90.48,	
2020-04-02,2,1,2,0,2,1,2,1,1,1,2,0,3,0,0,0,0,1,1,125,1,90.48,90.48,	
2020-04-03,2,1,2,0,2,1,2,1,1,1,2,0,3,0,0,0,0,1,1,126,1,90.48,90.48,	
2020-04-04,2,1,2,0,2,1,2,1,1,1,2,0,3,0,0,0,0,1,1,135,1,90.48,90.48,	
2020-04-05,2,1,2,0,2,1,2,1,1,1,2,0,3,0,0,0,0,1,1,145,1,90.48,90.48,	
2020-04-06,2,1,2,0,2,1,2,1,1,1,2,0,3,0,0,0,0,1,1,145,1,90.48,90.48,	
2020-04-07,2,1,2,0,2,1,2,1,1,1,2,0,3,0,0,0,0,1,1,170,4,90.48,90.48,	
2020-04-08,2,1,2,0,2,1,2,1,1,1,2,0,3,0,0,0,0,1,1,184,5,90.48,90.48,	
2020-04-09,2,1,2,0,2,1,2,1,1,1,2,0,3,0,0,0,0,1,1,184,5,90.48,90.48,	
2020-04-10,2,1,2,0,2,1,2,1,1,1,2,0,3,0,0,0,0,1,1,250,7,90.48,90.48,	
2020-04-11,2,1,2,0,2,1,2,1,1,1,2,0,3,0,0,0,0,1,1,283,7,90.48,90.48,	
2020-02-29,0,,0,,0,,0,,0,,0,,0,0,0,0,0,0,0,0,0,0,0,	
2020-03-01,0,,0,,0,,0,,0,,0,,0,0,0,0,0,0,0,0,0,0,0,	
2020-03-02,0,,0,,0,,0,,0,,0,,0,0,0,0,0,0,0,0,0,0,0,	
2020-03-03,0,,0,,0,,0,,0,,0,,0,0,0,0,0,0,0,0,0,0,0,	
2020-03-04,0,,0,,0,,0,,0,,0,,0,0,0,0,0,0,0,0,0,0,0,	
2020-03-05,0,,0,,0,,0,,0,,0,,0,0,0,0,0,0,0,0,0,0,0,	
2020-03-06,0,,0,,0,,0,,0,,0,,0,0,0,0,0,0,0,0,0,0,0,	
2020-03-07,0,,0,,0,,0,,0,,0,,0,0,0,0,0,0,0,0,0,0,0,	
2020-03-08,0,,0,,0,,0,,0,,0,,0,0,0,0,0,0,0,0,0,0,0,	
2020-03-09,0,,0,,0,,0,,0,,0,,0,0,0,0,0,0,0,0,0,0,0,	
2020-03-10,0,,0,,0,,0,,0,,0,,0,0,0,0,0,0,0,0,0,0,0,	
2020-03-11,0,,0,,2,0,0,,0,,0,,2,0,0,0,0,0,0,0,0,19.05,19.05,	
2020-03-12,2,1,0,,2,0,0,,0,,0,,2,0,0,0,0,0,0,0,0,33.33,33.33,	
2020-03-13,2,1,0,,2,0,2,1,0,,2,0,3,0,0,0,0,1,1,0,0,61.9,61.9,	
2020-03-14,2,1,0,,2,0,2,1,0,,2,0,3,0,0,0,0,1,1,0,0,61.9,61.9,	
2020-03-15,2,1,2,0,2,0,2,1,1,1,2,0,3,0,0,0,0,1,1,0,0,85.71,85.71,	
2020-03-16,2,1,2,0,2,0,2,1,1,1,2,0,3,0,0,0,0,1,1,0,0,85.71,85.71,	
2020-03-17,2,1,2,0,2,0,2,1,1,1,2,0,3,0,0,0,0,1,1,0,0,85.71,85.71,	
2020-03-18,2,1,2,0,2,0,2,1,1,1,2,0,3,0,0,0,0,1,1,0,0,85.71,85.71,	
2020-03-19,2,1,2,0,2,0,2,1,1,1,2,0,3,0,0,0,0,1,1,0,0,85.71,85.71,	
2020-03-20,2,1,2,0,2,0,2,1,1,1,2,0,3,0,0,0,0,1,1,0,0,85.71,85.71,	
2020-03-21,2,1,2,0,2,0,2,1,1,1,2,0,3,0,0,0,0,1,1,0,0,85.71,85.71,	
2020-03-22,2,1,2,0,2,0,2,1,1,1,2,0,3,0,0,0,0,1,1,0,0,85.71,85.71,	
2020-03-23,2,1,2,0,2,1,2,1,1,1,2,0,3,0,0,0,0,1,1,0,0,90.48,90.48,	
2020-03-24,2,1,2,0,2,1,2,1,1,1,2,0,3,0,0,0,0,1,1,0,0,90.48,90.48,	
2020-03-25,2,1,2,0,2,1,2,1,1,1,2,0,3,0,0,0,0,1,1,0,0,90.48,90.48,	
2020-03-26,2,1,2,0,2,1,2,1,1,1,2,0,3,0,0,0,0,1,1,71,1,90.48,90.48,	
2020-03-27,2,1,2,0,2,1,2,1,1,1,2,0,3,0,0,0,0,1,1,86,1,90.48,90.48,	
2020-03-28,2,1,2,0,2,1,2,1,1,1,2,0,3,0,0,0,0,1,1,91,1,90.48,90.48,	
2020-03-29,2,1,2,0,2,1,2,1,1,1,2,0,3,0,0,0,0,1,1,94,1,90.48,90.48,	
2020-03-30,2,1,2,0,2,1,2,1,1,1,2,0,3,198774000,0,0,0,1,1,94,1,90.48,90.48,	
2020-03-31,2,1,2,0,2,1,2,1,1,1,2,0,3,0,0,0,0,1,1,112,1,90.48,90.48,	
2020-04-01,2,1,2,0,2,1,2,1,1,1,2,0,3,0,0,0,0,1,1,125,1,90.48,90.48,	
2020-04-02,2,1,2,0,2,1,2,1,1,1,2,0,3,0,0,0,0,1,1,125,1,90.48,90.48,	
2020-04-03,2,1,2,0,2,1,2,1,1,1,2,0,3,0,0,0,0,1,1,126,1,90.48,90.48,	
2020-04-04,2,1,2,0,2,1,2,1,1,1,2,0,3,0,0,0,0,1,1,135,1,90.48,90.48,	
2020-04-05,2,1,2,0,2,1,2,1,1,1,2,0,3,0,0,0,0,1,1,145,1,90.48,90.48,	
2020-04-06,2,1,2,0,2,1,2,1,1,1,2,0,3,0,0,0,0,1,1,145,1,90.48,90.48,	
2020-04-07,2,1,2,0,2,1,2,1,1,1,2,0,3,0,0,0,0,1,1,170,4,90.48,90.48,	
2020-04-08,2,1,2,0,2,1,2,1,1,1,2,0,3,0,0,0,0,1,1,184,5,90.48,90.48,	
2020-04-09,2,1,2,0,2,1,2,1,1,1,2,0,3,0,0,0,0,1,1,184,5,90.48,90.48,	
2020-04-10,2,1,2,0,2,1,2,1,1,1,2,0,3,0,0,0,0,1,1,250,7,90.48,90.48,	
2020-04-11,2,1,2,0,2,1,2,1,1,1,2,0,3,0,0,0,0,1,1,283,7,90.48,90.48,	
2020-02-29,0,,0,,0,,0,,0,,0,,0,0,0,0,0,0,0,0,0,0,0,	
2020-03-01,0,,0,,0,,0,,0,,0,,0,0,0,0,0,0,0,0,0,0,0,	
2020-03-02,0,,0,,0,,0,,0,,0,,0,0,0,0,0,0,0,0,0,0,0,	
2020-03-03,0,,0,,0,,0,,0,,0,,0,0,0,0,0,0,0,0,0,0,0,	
2020-03-04,0,,0,,0,,0,,0,,0,,0,0,0,0,0,0,0,0,0,0,0,	
2020-03-05,0,,0,,0,,0,,0,,0,,0,0,0,0,0,0,0,0,0,0,0,	
2020-03-06,0,,0,,0,,0,,0,,0,,0,0,0,0,0,0,0,0,0,0,0,	
2020-03-07,0,,0,,0,,0,,0,,0,,0,0,0,0,0,0,0,0,0,0,0,	
2020-03-08,0,,0,,0,,0,,0,,0,,0,0,0,0,0,0,0,0,0,0,0,	
2020-03-09,0,,0,,0,,0,,0,,0,,0,0,0,0,0,0,0,0,0,0,0,	
2020-03-10,0,,0,,0,,0,,0,,0,,0,0,0,0,0,0,0,0,0,0,0,	
2020-03-11,0,,0,,2,0,0,,0,,0,,2,0,0,0,0,0,0,0,0,19.05,19.05,	
2020-03-12,2,1,0,,2,0,0,,0,,0,,2,0,0,0,0,0,0,0,0,33.33,33.33,	
2020-03-13,2,1,0,,2,0,2,1,0,,2,0,3,0,0,0,0,1,1,0,0,61.9,61.9,	
2020-03-14,2,1,0,,2,0,2,1,0,,2,0,3,0,0,0,0,1,1,0,0,61.9,61.9,	
2020-03-15,2,1,2,0,2,0,2,1,1,1,2,0,3,0,0,0,0,1,1,0,0,85.71,85.71,	
2020-03-16,2,1,2,0,2,0,2,1,1,1,2,0,3,0,0,0,0,1,1,0,0,85.71,85.71,	
2020-03-17,2,1,2,0,2,0,2,1,1,1,2,0,3,0,0,0,0,1,1,0,0,85.71,85.71,	
2020-03-18,2,1,2,0,2,0,2,1,1,1,2,0,3,0,0,0,0,1,1,0,0,85.71,85.71,	
2020-03-19,2,1,2,0,2,0,2,1,1,1,2,0,3,0,0,0,0,1,1,0,0,85.71,85.71,	
2020-03-20,2,1,2,0,2,0,2,1,1,1,2,0,3,0,0,0,0,1,1,0,0,85.71,85.71,	
2020-03-21,2,1,2,0,2,0,2,1,1,1,2,0,3,0,0,0,0,1,1,0,0,85.71,85.71,	
2020-03-22,2,1,2,0,2,0,2,1,1,1,2,0,3,0,0,0,0,1,1,0,0,85.71,85.71,	
2020-03-23,2,1,2,0,2,1,2,1,1,1,2,0,3,0,0,0,0,1,1,0,0,90.48,90.48,	
2020-03-24,2,1,2,0,2,1,2,1,1,1,2,0,3,0,0,0,0,1,1,0,0,90.48,90.48,	
2020-03-25,2,1,2,0,2,1,2,1,1,1,2,0,3,0,0,0,0,1,1,0,0,90.48,90.48,	
2020-03-26,2,1,2,0,2,1,2,1,1,1,2,0,3,0,0,0,0,1,1,71,1,90.48,90.48,	
2020-03-27,2,1,2,0,2,1,2,1,1,1,2,0,3,0,0,0,0,1,1,86,1,90.48,90.48,	
2020-03-28,2,1,2,0,2,1,2,1,1,1,2,0,3,0,0,0,0,1,1,91,1,90.48,90.48,	
2020-03-29,2,1,2,0,2,1,2,1,1,1,2,0,3,0,0,0,0,1,1,94,1,90.48,90.48,	
2020-03-30,2,1,2,0,2,1,2,1,1,1,2,0,3,198774000,0,0,0,1,1,94,1,90.48,90.48,	
2020-03-31,2,1,2,0,2,1,2,1,1,1,2,0,3,0,0,0,0,1,1,112,1,90.48,90.48,	
2020-04-01,2,1,2,0,2,1,2,1,1,1,2,0,3,0,0,0,0,1,1,125,1,90.48,90.48,	
2020-04-02,2,1,2,0,2,1,2,1,1,1,2,0,3,0,0,0,0,1,1,125,1,90.48,90.48,	
2020-04-03,2,1,2,0,2,1,2,1,1,1,2,0,3,0,0,0,0,1,1,126,1,90.48,90.48,	
2020-04-04,2,1,2,0,2,1,2,1,1,1,2,0,3,0,0,0,0,1,1,135,1,90.48,90.48,	
2020-04-05,2,1,2,0,2,1,2,1,1,1,2,0,3,0,0,0,0,1,1,145,1,90.48,90.48,	
2020-04-06,2,1,2,0,2,1,2,1,1,1,2,0,3,0,0,0,0,1,1,145,1,90.48,90.48,	
2020-04-07,2,1,2,0,2,1,2,1,1,1,2,0,3,0,0,0,0,1,1,170,4,90.48,90.48,	
2020-04-08,2,1,2,0,2,1,2,1,1,1,2,0,3,0,0,0,0,1,1,184,5,90.48,90.48,	
2020-04-09,2,1,2,0,2,1,2,1,1,1,2,0,3,0,0,0,0,1,1,184,5,90.48,90.48,	
2020-04-10,2,1,2,0,2,1,2,1,1,1,2,0,3,0,0,0,0,1,1,250,7,90.48,90.48,	
2020-04-11,2,1,2,0,2,1,2,1,1,1,2,0,3,0,0,0,0,1,1,283,7,90.48,90.48,	
"2020-02-29",0,,0,,0,,0,,0,,0,,0,0,0,0,0,0,0,0,0,0,0,	
"2020-03-01",0,,0,,0,,0,,0,,0,,0,0,0,0,0,0,0,0,0,0,0,	
"2020-03-02",0,,0,,0,,0,,0,,0,,0,0,0,0,0,0,0,0,0,0,0,	
"2020-03-03",0,,0,,0,,0,,0,,0,,0,0,0,0,0,0,0,0,0,0,0,	
"2020-03-04",0,,0,,0,,0,,0,,0,,0,0,0,0,0,0,0,0,0,0,0,	
"2020-03-05",0,,0,,0,,0,,0,,0,,0,0,0,0,0,0,0,0,0,0,0,	
"2020-03-06",0,,0,,0,,0,,0,,0,,0,0,0,0,0,0,0,0,0,0,0,	
"2020-03-07",0,,0,,0,,0,,0,,0,,0,0,0,0,0,0,0,0,0,0,0,	
"2020-03-08",0,,0,,0,,0,,0,,0,,0,0,0,0,0,0,0,0,0,0,0,	
"2020-03-09",0,,0,,0,,0,,0,,0,,0,0,0,0,0,0,0,0,0,0,0,	
"2020-03-10",0,,0,,0,,0,,0,,0,,0,0,0,0,0,0,0,0,0,0,0,	
"2020-03-11",0,,0,,2,0,0,,0,,0,,2,0,0,0,0,0,0,0,0,19.05,19.05,	
"2020-03-12",2,1,0,,2,0,0,,0,,0,,2,0,0,0,0,0,0,0,0,33.33,33.33,	
"2020-03-13",2,1,0,,2,0,2,1,0,,2,0,3,0,0,0,0,1,1,0,0,61.9,61.9,	
"2020-03-14",2,1,0,,2,0,2,1,0,,2,0,3,0,0,0,0,1,1,0,0,61.9,61.9,	
"2020-03-15",2,1,2,0,2,0,2,1,1,1,2,0,3,0,0,0,0,1,1,0,0,85.71,85.71,	
"2020-03-16",2,1,2,0,2,0,2,1,1,1,2,0,3,0,0,0,0,1,1,0,0,85.71,85.71,	
"2020-03-17",2,1,2,0,2,0,2,1,1,1,2,0,3,0,0,0,0,1,1,0,0,85.71,85.71,	
"2020-03-18",2,1,2,0,2,0,2,1,1,1,2,0,3,0,0,0,0,1,1,0,0,85.71,85.71,	
"2020-03-19",2,1,2,0,2,0,2,1,1,1,2,0,3,0,0,0,0,1,1,0,0,85.71,85.71,	
"2020-03-20",2,1,2,0,2,0,2,1,1,1,2,0,3,0,0,0,0,1,1,0,0,85.71,85.71,	
"2020-03-21",2,1,2,0,2,0,2,1,1,1,2,0,3,0,0,0,0,1,1,0,0,85.71,85.71,	
"2020-03-22",2,1,2,0,2,0,2,1,1,1,2,0,3,0,0,0,0,1,1,0,0,85.71,85.71,	
"2020-03-23",2,1,2,0,2,1,2,1,1,1,2,0,3,0,0,0,0,1,1,0,0,90.48,90.48,	
"2020-03-24",2,1,2,0,2,1,2,1,1,1,2,0,3,0,0,0,0,1,1,0,0,90.48,90.48,	
"2020-03-25",2,1,2,0,2,1,2,1,1,1,2,0,3,0,0,0,0,1,1,0,0,90.48,90.48,	
"2020-03-26",2,1,2,0,2,1,2,1,1,1,2,0,3,0,0,0,0,1,1,71,1,90.48,90.48,	
"2020-03-27",2,1,2,0,2,1,2,1,1,1,2,0,3,0,0,0,0,1,1,86,1,90.48,90.48,	
"2020-03-28",2,1,2,0,2,1,2,1,1,1,2,0,3,0,0,0,0,1,1,91,1,90.48,90.48,	
"2020-03-29",2,1,2,0,2,1,2,1,1,1,2,0,3,0,0,0,0,1,1,94,1,90.48,90.48,	
"2020-03-30",2,1,2,0,2,1,2,1,1,1,2,0,3,198774000,0,0,0,1,1,94,1,90.48,90.48,	
"2020-03-31",2,1,2,0,2,1,2,1,1,1,2,0,3,0,0,0,0,1,1,112,1,90.48,90.48,	
"2020-04-01",2,1,2,0,2,1,2,1,1,1,2,0,3,0,0,0,0,1,1,125,1,90.48,90.48,	
"2020-04-02",2,1,2,0,2,1,2,1,1,1,2,0,3,0,0,0,0,1,1,125,1,90.48,90.48,	
"2020-04-03",2,1,2,0,2,1,2,1,1,1,2,0,3,0,0,0,0,1,1,126,1,90.48,90.48,	
"2020-04-04",2,1,2,0,2,1,2,1,1,1,2,0,3,0,0,0,0,1,1,135,1,90.48,90.48,	
"2020-04-05",2,1,2,0,2,1,2,1,1,1,2,0,3,0,0,0,0,1,1,145,1,90.48,90.48,	
"2020-04-06",2,1,2,0,2,1,2,1,1,1,2,0,3,0,0,0,0,1,1,145,1,90.48,90.48,	
"2020-04-07",2,1,2,0,2,1,2,1,1,1,2,0,3,0,0,0,0,1,1,170,4,90.48,90.48,	
"2020-04-08",2,1,2,0,2,1,2,1,1,1,2,0,3,0,0,0,0,1,1,184,5,90.48,90.48,	
"2020-04-09",2,1,2,0,2,1,2,1,1,1,2,0,3,0,0,0,0,1,1,184,5,90.48,90.48,	
"2020-04-10",2,1,2,0,2,1,2,1,1,1,2,0,3,0,0,0,0,1,1,250,7,90.48,90.48,	
"2020-04-11",2,1,2,0,2,1,2,1,1,1,2,0,3,0,0,0,0,1,1,283,7,90.48,90.48,	
"2020-02-29",0,,0,,0,,0,,0,,0,,0,0,0,0,0,0,0,0,0,0,0,	
"2020-03-01",0,,0,,0,,0,,0,,0,,0,0,0,0,0,0,0,0,0,0,0,	
"2020-03-02",0,,0,,0,,0,,0,,0,,0,0,0,0,0,0,0,0,0,0,0,	
"2020-03-03",0,,0,,0,,0,,0,,0,,0,0,0,0,0,0,0,0,0,0,0,	
"2020-03-04",0,,0,,0,,0,,0,,0,,0,0,0,0,0,0,0,0,0,0,0,	
"2020-03-05",0,,0,,0,,0,,0,,0,,0,0,0,0,0,0,0,0,0,0,0,	
"2020-03-06",0,,0,,0,,0,,0,,0,,0,0,0,0,0,0,0,0,0,0,0,	
"2020-03-07",0,,0,,0,,0,,0,,0,,0,0,0,0,0,0,0,0,0,0,0,	
"2020-03-08",0,,0,,0,,0,,0,,0,,0,0,0,0,0,0,0,0,0,0,0,	
"2020-03-09",0,,0,,0,,0,,0,,0,,0,0,0,0,0,0,0,0,0,0,0,	
"2020-03-10",0,,0,,0,,0,,0,,0,,0,0,0,0,0,0,0,0,0,0,0,	
"2020-03-11",0,,0,,2,0,0,,0,,0,,2,0,0,0,0,0,0,0,0,19.05,19.05,	
"2020-03-12",2,1,0,,2,0,0,,0,,0,,2,0,0,0,0,0,0,0,0,33.33,33.33,	
"2020-03-13",2,1,0,,2,0,2,1,0,,2,0,3,0,0,0,0,1,1,0,0,61.9,61.9,	
"2020-03-14",2,1,0,,2,0,2,1,0,,2,0,3,0,0,0,0,1,1,0,0,61.9,61.9,	
"2020-03-15",2,1,2,0,2,0,2,1,1,1,2,0,3,0,0,0,0,1,1,0,0,85.71,85.71,	
"2020-03-16",2,1,2,0,2,0,2,1,1,1,2,0,3,0,0,0,0,1,1,0,0,85.71,85.71,	
"2020-03-17",2,1,2,0,2,0,2,1,1,1,2,0,3,0,0,0,0,1,1,0,0,85.71,85.71,	
"2020-03-18",2,1,2,0,2,0,2,1,1,1,2,0,3,0,0,0,0,1,1,0,0,85.71,85.71,	
"2020-03-19",2,1,2,0,2,0,2,1,1,1,2,0,3,0,0,0,0,1,1,0,0,85.71,85.71,	
"2020-03-20",2,1,2,0,2,0,2,1,1,1,2,0,3,0,0,0,0,1,1,0,0,85.71,85.71,	
"2020-03-21",2,1,2,0,2,0,2,1,1,1,2,0,3,0,0,0,0,1,1,0,0,85.71,85.71,	
"2020-03-22",2,1,2,0,2,0,2,1,1,1,2,0,3,0,0,0,0,1,1,0,0,85.71,85.71,	
"2020-03-23",2,1,2,0,2,1,2,1,1,1,2,0,3,0,0,0,0,1,1,0,0,90.48,90.48,	
"2020-03-24",2,1,2,0,2,1,2,1,1,1,2,0,3,0,0,0,0,1,1,0,0,90.48,90.48,	
"2020-03-25",2,1,2,0,2,1,2,1,1,1,2,0,3,0,0,0,0,1,1,0,0,90.48,90.48,	
"2020-03-26",2,1,2,0,2,1,2,1,1,1,2,0,3,0,0,0,0,1,1,71,1,90.48,90.48,	
"2020-03-27",2,1,2,0,2,1,2,1,1,1,2,0,3,0,0,0,0,1,1,86,1,90.48,90.48,	
"2020-03-28",2,1,2,0,2,1,2,1,1,1,2,0,3,0,0,0,0,1,1,91,1,90.48,90.48,	
"2020-03-29",2,1,2,0,2,1,2,1,1,1,2,0,3,0,0,0,0,1,1,94,1,90.48,90.48,	
"2020-03-30",2,1,2,0,2,1,2,1,1,1,2,0,3,198774000,0,0,0,1,1,94,1,90.48,90.48,	
"2020-03-31",2,1,2,0,2,1,2,1,1,1,2,0,3,0,0,0,0,1,1,112,1,90.48,90.48,	
"2020-04-01",2,1,2,0,2,1,2,1,1,1,2,0,3,0,0,0,0,1,1,125,1,90.48,90.48,	
"2020-04-02",2,1,2,0,2,1,2,1,1,1,2,0,3,0,0,0,0,1,1,125,1,90.48,90.48,	
"2020-04-03",2,1,2,0,2,1,2,1,1,1,2,0,3,0,0,0,0,1,1,126,1,90.48,90.48,	
"2020-04-04",2,1,2,0,2,1,2,1,1,1,2,0,3,0,0,0,0,1,1,135,1,90.48,90.48,	
"2020-04-05",2,1,2,0,2,1,2,1,1,1,2,0,3,0,0,0,0,1,1,145,1,90.48,90.48,	
"2020-04-06",2,1,2,0,2,1,2,1,1,1,2,0,3,0,0,0,0,1,1,145,1,90.48,90.48,	
"2020-04-07",2,1,2,0,2,1,2,1,1,1,2,0,3,0,0,0,0,1,1,170,4,90.48,90.48,	
"2020-04-08",2,1,2,0,2,1,2,1,1,1,2,0,3,0,0,0,0,1,1,184,5,90.48,90.48,	
"2020-04-09",2,1,2,0,2,1,2,1,1,1,2,0,3,0,0,0,0,1,1,184,5,90.48,90.48,	
"2020-04-10",2,1,2,0,2,1,2,1,1,1,2,0,3,0,0,0,0,1,1,250,7,90.48,90.48,	
"2020-04-11",2,1,2,0,2,1,2,1,1,1,2,0,3,0,0,0,0,1,1,283,7,90.48,90.48,	
"2020-02-29",0,,0,,0,,0,,0,,0,,0,0,0,0,0,0,0,0,0,0,0
"2020-03-01",0,,0,,0,,0,,0,,0,,0,0,0,0,0,0,0,0,0,0,0
"2020-03-02",0,,0,,0,,0,,0,,0,,0,0,0,0,0,0,0,0,0,0,0
"2020-03-03",0,,0,,0,,0,,0,,0,,0,0,0,0,0,0,0,0,0,0,0
"2020-03-04",0,,0,,0,,0,,0,,0,,0,0,0,0,0,0,0,0,0,0,0
"2020-03-05",0,,0,,0,,0,,0,,0,,0,0,0,0,0,0,0,0,0,0,0
"2020-03-06",0,,0,,0,,0,,0,,0,,0,0,0,0,0,0,0,0,0,0,0
"2020-03-07",0,,0,,0,,0,,0,,0,,0,0,0,0,0,0,0,0,0,0,0
"2020-03-08",0,,0,,0,,0,,0,,0,,0,0,0,0,0,0,0,0,0,0,0
"2020-03-09",0,,0,,0,,0,,0,,0,,0,0,0,0,0,0,0,0,0,0,0
"2020-03-10",0,,0,,0,,0,,0,,0,,0,0,0,0,0,0,0,0,0,0,0
"2020-03-11",0,,0,,2,0,0,,0,,0,,2,0,0,0,0,0,0,0,0,19.05,19.05
"2020-03-12",2,1,0,,2,0,0,,0,,0,,2,0,0,0,0,0,0,0,0,33.33,33.33
"2020-03-13",2,1,0,,2,0,2,1,0,,2,0,3,0,0,0,0,1,1,0,0,61.9,61.9
"2020-03-14",2,1,0,,2,0,2,1,0,,2,0,3,0,0,0,0,1,1,0,0,61.9,61.9
"2020-03-15",2,1,2,0,2,0,2,1,1,1,2,0,3,0,0,0,0,1,1,0,0,85.71,85.71
"2020-03-16",2,1,2,0,2,0,2,1,1,1,2,0,3,0,0,0,0,1,1,0,0,85.71,85.71
"2020-03-17",2,1,2,0,2,0,2,1,1,1,2,0,3,0,0,0,0,1,1,0,0,85.71,85.71
"2020-03-18",2,1,2,0,2,0,2,1,1,1,2,0,3,0,0,0,0,1,1,0,0,85.71,85.71
"2020-03-19",2,1,2,0,2,0,2,1,1,1,2,0,3,0,0,0,0,1,1,0,0,85.71,85.71
"2020-03-20",2,1,2,0,2,0,2,1,1,1,2,0,3,0,0,0,0,1,1,0,0,85.71,85.71
"2020-03-21",2,1,2,0,2,0,2,1,1,1,2,0,3,0,0,0,0,1,1,0,0,85.71,85.71
"2020-03-22",2,1,2,0,2,0,2,1,1,1,2,0,3,0,0,0,0,1,1,0,0,85.71,85.71
"2020-03-23",2,1,2,0,2,1,2,1,1,1,2,0,3,0,0,0,0,1,1,0,0,90.48,90.48
"2020-03-24",2,1,2,0,2,1,2,1,1,1,2,0,3,0,0,0,0,1,1,0,0,90.48,90.48
"2020-03-25",2,1,2,0,2,1,2,1,1,1,2,0,3,0,0,0,0,1,1,0,0,90.48,90.48
"2020-03-26",2,1,2,0,2,1,2,1,1,1,2,0,3,0,0,0,0,1,1,71,1,90.48,90.48
"2020-03-27",2,1,2,0,2,1,2,1,1,1,2,0,3,0,0,0,0,1,1,86,1,90.48,90.48
"2020-03-28",2,1,2,0,2,1,2,1,1,1,2,0,3,0,0,0,0,1,1,91,1,90.48,90.48
"2020-03-29",2,1,2,0,2,1,2,1,1,1,2,0,3,0,0,0,0,1,1,94,1,90.48,90.48
"2020-03-30",2,1,2,0,2,1,2,1,1,1,2,0,3,198774000,0,0,0,1,1,94,1,90.48,90.48
"2020-03-31",2,1,2,0,2,1,2,1,1,1,2,0,3,0,0,0,0,1,1,112,1,90.48,90.48
"2020-04-01",2,1,2,0,2,1,2,1,1,1,2,0,3,0,0,0,0,1,1,125,1,90.48,90.48
"2020-04-02",2,1,2,0,2,1,2,1,1,1,2,0,3,0,0,0,0,1,1,125,1,90.48,90.48
"2020-04-03",2,1,2,0,2,1,2,1,1,1,2,0,3,0,0,0,0,1,1,126,1,90.48,90.48
"2020-04-04",2,1,2,0,2,1,2,1,1,1,2,0,3,0,0,0,0,1,1,135,1,90.48,90.48
"2020-04-05",2,1,2,0,2,1,2,1,1,1,2,0,3,0,0,0,0,1,1,145,1,90.48,90.48
"2020-04-06",2,1,2,0,2,1,2,1,1,1,2,0,3,0,0,0,0,1,1,145,1,90.48,90.48
"2020-04-07",2,1,2,0,2,1,2,1,1,1,2,0,3,0,0,0,0,1,1,170,4,90.48,90.48
"2020-04-08",2,1,2,0,2,1,2,1,1,1,2,0,3,0,0,0,0,1,1,184,5,90.48,90.48
"2020-04-09",2,1,2,0,2,1,2,1,1,1,2,0,3,0,0,0,0,1,1,184,5,90.48,90.48
"2020-04-10",2,1,2,0,2,1,2,1,1,1,2,0,3,0,0,0,0,1,1,250,7,90.48,90.48
"2020-04-11",2,1,2,0,2,1,2,1,1,1,2,0,3,0,0,0,0,1,1,283,7,90.48,90.48
